UseCases/NeuralNetworkLeNet;3;1;25000;1;0:00:01.002;3965888;1.27;76888;4.11
UseCases/NeuralNetworkLeNet;3;1;25000;16;0:00:10.469;63219894;10.74;357520;5.15
UseCases/NeuralNetworkLeNet;3;1;25000;128;0:01:36.254;505644906;96.44;2612420;13.50
UseCases/NeuralNetworkLeNet;3;1;10000;1;0:00:00.913;3965895;1.19;83124;4.11
UseCases/NeuralNetworkLeNet;3;1;10000;16;0:00:10.607;63219667;10.88;373896;5.31
UseCases/NeuralNetworkLeNet;3;1;10000;128;0:01:40.307;505642167;100.59;2509632;13.93
UseCases/NeuralNetworkLeNet;3;1;1000;1;0:00:00.930;3966076;1.22;66208;4.20
UseCases/NeuralNetworkLeNet;3;1;1000;16;0:00:11.945;63219355;12.23;379576;5.21
UseCases/NeuralNetworkLeNet;3;1;1000;128;0:01:40.399;505646856;100.67;2603716;13.76
UseCases/NeuralNetworkLeNet;3;1;100;1;0:00:00.879;3965763;1.14;74264;4.17
UseCases/NeuralNetworkLeNet;3;1;100;16;0:00:14.462;63219118;14.72;384176;5.19
UseCases/NeuralNetworkLeNet;3;1;100;128;0:02:18.123;505645534;138.31;2612748;14.02